11,62,85,47,69,58,57,76,66,82,48,15,95,24,93,33,79,41,65,36,37,38,56
42,86,69,46,92,76,43,62,11,54,57,74,47,85,12,66,26,83,48,14,78
77,22,75,67,23,88,78,92,83,26,14,11,62
19,44,98,65,56,41,36,24,33,22,38,48,77,75,73,15,63
54,83,11,62,47,69,66,82,48,93,41
95,33,79,36,38,98,89,63,77,72,23
85,47,76,82,48,79,65,36,38,73,19
33,24,65,41,98,85,37,79,19,15,38,48,76,82,56,95,57
46,14,12,11,62,85,47,69,58,57,76,82,15,24,93,33,79,41,65,36,37
33,79,41,73,98,71,22,44,75,67,23,88,86
58,57,76,66,82,48,15,95,24,41,65,37,38,73,56,98,71,89,63
41,62,69,12,38,14,76
23,38,73,72,89,71,88,37,42,41,22,86,44,63,43,75,19,77,56
15,48,62,58,47,66,69,78,11,82,83,76,46,95,26
95,24,93,33,79,41,65,36,38,56,19,98,71,89,77,22,72,44,75,67,23
71,73,57,38,66,93,24,77,19
73,43,89,75,98,63,72,36,42,41,38,67,19,78,23
95,15,24,65,58,36,85,46,14,33,82
11,83,92,66,15,47,86,46,54,48,26,78,57,74,82,85,62,69,14
75,78,54,83,67,74,88,72,62,22,86,85,46,26,43,42,44,77,14,47,12
67,23,88,42,86,78,43,92,74,54,83,26,46,14,12,62,85,69,57,76,66
75,19,63,86,83,92,88,44,77,72,14
58,76,38,57,98,82,73,48,41,95,85,93,36,56,15,79,66,65,47
98,89,44,22,23,79,36,77,41,71,38,56,65,37,75,33,88,67,72
75,88,56,41,72,89,24
48,15,95,24,33,79,41,36,37,38,73,71,77,22,72,44,75
89,63,77,22,72,44,75,67,23,88,42,86,43,92,74,83,46,14,12,11,62
82,48,93,79,56
65,36,38,73,56,19,71,89,63,44,88,42,92
67,38,65,19,63,77,71,89,42,22,73,44,72,56,37,41,36,98,33,88,23
63,22,75,88,42,86,78,26,46,14,11
76,66,82,48,95,24,79,41,37,38,73,56,19,98,71,89,63,77,22
41,71,44,73,19,79,98,24,37,82,72,22,89,33,65
54,56,23,77,75,44,92,73,26,78,67,19,74
71,12,11,63,26,46,42,88,83,78,44
57,15,73,24,12,48,85
44,75,86,92,46,12,69,58,57
79,23,73,38,42,72,19,86,41,36,77,33,63,67,37
65,98,73,43,86,72,22,56,88,36,63,41,42,71,37
72,44,88,42,54,26,46,14,12,62,47,69,58
24,93,79,41,38,73,56,98,63,77,22,72,75,67,88
44,65,67,36,92,78,22
75,23,83,12,62,57,76
24,79,41,65,73,56,71,77,72
15,82,71,48,66,79,63,72,38
76,95,33,79,41,73,89,63,22
85,76,15,79,65
79,41,65,36,37,38,73,56,19,98,89,63,77,22,72,75,67,23,88,86,78
85,47,69,58,57,76,66,82,48,15,95,24,93,79,41,37,38,73,56,19,98
63,77,72,44,75,67,23,88,42,86,78,43,92,74,54,83,26,46,14,12,11,62,85
92,47,58,66,14,69,15,33,24
26,48,93,69,24
22,75,26,19,71,98,74,23,63,43,44,88,89,92,78,56,72,54,67,83,73
78,43,46,85,69,76,24
22,23,56,83,44,38,92,77,43,98,54,74,89,72,63,19,42
67,23,88,43,74,54,14,47,69,57,66
66,82,88,74,47,83,43,62,26,92,78,86,42,54,23,14,85,58,12,11,76
89,63,77,22,72,44,75,23,88,42,86,78,43,92,74,54,83,26,46,14,12,11,62
36,73,71,89,22
48,82,62,76,43,54,88
33,15,58,57,92,74,93
19,89,69,37,57,58,36,73,98
15,79,41,73,19,98,71,89,77,22,44,75,67
58,15,24,65,36
93,33,79,41,37,38,19,98,89,63,77,22,72,44,67,88,42
41,65,36,73,98,89,63,77,72,44,75,67,42,78,43
78,92,83,12,11,48,95
69,44,75,26,47,14,83,67,11,57,46
71,48,56,36,19,72,15,33,79,38,75
12,79,66,58,95,93,82,15,73,48,85,41,24,47,33,69,62
72,36,71,89,33,38,44,79,37,65,93,67,63,77,98,19,41,24,75,73,15,56,95
33,38,15,66,56,19,79,41,62,37,82,57,58
86,78,43,92,74,54,83,26,46,14,11,62,85,47,69,58,57,76,66,82,48,15,95
72,38,71,89,77,75,36,19,67,63,88,73,37,43,22,98,41,65,23,44,42
38,93,14,58,48,15,57,65,62,69,76,82,47,79,36
79,65,36,73,56,19,63,22,75
89,36,72,38,23,73,71,63,37,98,65,22,33,19,79,77,44,67,93,24,56,41,88
54,23,44,74,72,56,67,83,75,77,22,92,38
86,44,85,83,22,67,63,77,92,72,78,74,14,54,88
83,26,46,12,62,85,47,69,58,57,76,66,82,48,15,95,93,33,79,41,65
69,58,57,76,48,24,33,79,65,19,89
79,38,82,11,69,12,36,66,15,41,95,33,76,85,24,58,57
72,67,71,19,22,41,77,63,37,42,33,65,56,44,75,89,88
57,76,66,48,15,95,24,93,33,79,41,65,36,37,38,73,56,19,98,71,89,63,77
67,83,92,19,23,71,44,63,56,74,77,54,22,46,89,75,86,98,78
93,33,79,41,65,36,37,73,56,19,98,71,89,63,77,22,72,44,75,67,23,88,42
19,75,44,77,83,72,22,73,54,26,78,89,63,56,86
62,85,66,48,15,36,38,56,19
71,75,67,42,78,92,14
48,12,47,24,65,41,76,57,95,82,85,62,79,58,15,66,73
65,37,89,23,22,78,42,86,77,67,79,88,72
37,76,47,33,62,57,19,79,95
19,63,75,23,78,43,26,46,14
78,22,65,38,19,98,89
65,66,82,98,48,15,95,73,24,69,37,58,76,93,57,47,79,41,85
12,43,75,42,54,58,92,47,11,86,83
38,73,98,71,63,77,22,72,44,67,88,42,78,92,74
71,89,63,75,88,42,78,92,12
33,82,38,72,89,22,98,66,19,65,48,41,77,73,15
71,57,38,73,47,58,48,41,37,79,24,15,33
98,71,63,77,22,75,88,86,43,92,74,54,83,26,46,14,12
43,92,54,83,26,46,12,11,62,85,47,69,58,57,76,66,82,48,95,24,93
23,56,22,86,88,19,72,75,71,65,77
67,23,88,42,86,78,43,92,74,54,83,26,46,14,11,62,85,47,69,58,57,76,66
47,69,57,15,36,19,98
89,22,44,75,23,88,86,78,43,92,54,26,46,14,12,11,62
22,37,19,36,74,42,88,23,77,72,56,98,38,73,78
58,57,76,82,15,24,41,65,36,37,73,19,71
42,86,43,92,54,83,46,14,11,62,58,57,76,66,82
46,75,63,86,56,72,71
77,71,46,22,44,72,67,14,78,12,89
75,63,12,88,62,77,72,86,92,22,23,89,78,11,42,54,83,14,46
73,33,37,67,72,42,36,44,23,98,19,88,41,89,79,77,65,75,56,93,38
78,63,43,75,42,92,71,77,72,12,44
12,48,85,36,38,11,37,76,95,65,15,24,41,14,62,33,82,47,66
58,85,57,65,11,24,37,48,33,12,82,76,79
44,56,36,82,48,95,63,33,98,37,65
85,47,58,57,82,48,79,65,73,19,98
46,14,11,62,85,69,58,66,82,95,24,93,41,36,37
26,43,71,83,67,23,22,86,78,74,75,73,98,88,19,77,56
58,57,76,66,82,48,15,95,24,93,33,79,41,65,36,37,38,56,19,98,71,89,63
15,95,79,41,36,37,38,73,19,98,71,77,72,75,67
43,98,54,86,72,92,14,63,46,23,26,74,77,89,19
85,65,93,76,79,41,58,47,69,11,24,33,95,15,82,83,14,48,26,57,46,66,62
77,73,63,67,86,22,56,41,89,19,65,43,37
76,24,93,38,95,66,82,65,69,56,89,37,79,57,36
67,88,42,78,43,92,74,54,83,26,46,14,12,11,62,85,47,69,57,76,66
92,66,82,93,85,12,58,11,48,43,47,74,24
69,95,11,12,47,54,86,82,43
15,24,77,72,44
89,71,88,73,75,86,41,19,37,63,65,38,33,56,67,42,44
36,37,38,19,71,89,63,77,72,44,67,23,42,92,74
67,88,86,43,92,74,54,83,46,14,12,11,62,85,47,69,57,76,66
85,76,83,95,14,74,86,46,57,62,92,78,12,47,58
66,82,15,24,93,33,79,41,65,36,37,38,73,56,89
22,72,44,75,67,23,88,42,86,78,43,92,74,54,83,26,46,14,12,11,62,85,69
65,75,23,93,33,41,37,77,79,88,72,19,56,38,44,67,89
69,58,57,76,66,82,15,95,24,93,33,79,41,65,36,37,73,56,98,71,89
43,92,74,83,26,46,14,12,11,62,85,47,69,58,57,76,66,82,48,15,95,24,93
36,65,37,38,57,48,85,41,19,56,79,58,66,24,15,33,82,62,73
98,63,77,22,67,88,86,92,74,83,26,14,12
26,66,48,83,93,12,62,79,14,57,82,33,69,24,74
33,22,23,79,63,95,75,71,36,93,72,24,56,67,98
57,82,48,15,93,33,79,41,36,37,56,71,77
41,46,93,57,58,36,15,62,69,65,37,11,33
69,58,76,66,82,48,95,24,33,79,37,38,19,98,71
42,12,78,83,43,74,86,58,76,69,46,48,26,82,11,14,85,92,47
24,33,79,41,65,36,73,56,98,89,77,22,72,44,88
19,22,73,65,33,63,36,48,15,93,71,66,89,77,72,37,82
36,11,62,41,93,82,66,79,47,24,15,57,95,65,56,38,58
95,14,93,46,74,48,58,62,11,83,33,66,92
83,38,88,71,22,89,78,86,56
66,82,48,95,24,33,41,65,36,37,38,19,98,71,77,22,72
85,33,93,95,14,62,47,57,48,76,58,69,12,82,38,24,11
19,98,71,89,63,77,22,44,75,23,88,42,78,92,74,54,83,26,14
14,26,92,44,86,42,78,74,89,22,75,62,67,11,77,12,43
85,47,69,58,57,76,66,82,48,15,95,24,93,33,79,41,65,36,37,38,73,56,19
43,22,73,88,78,38,72,86,71,67,98,63,92,77,74,23,19,36,56
42,86,78,43,74,54,83,26,46,14,12,11,62,85,47,69,58,57,76,48,15
62,33,85,82,66,12,95,24,26,92,83,58,76,69,93,57,46
67,78,74,46,11,69,76
66,79,24,65,12,83,57,62,58,46,69,93,76,33,14
19,83,77,54,42,38,98,89,75,86,92
93,62,37,11,65,41,38,12,15,69,47,58,66,48,24,33,76,14,36,85,79
57,93,79,56,11,48,38
77,22,75,67,23,88,78,43,74,83,26,14,47
24,79,41,38,73,56,19,71,89,77,72,44,67,23,88
57,12,85,62,92,76,26,47,69
65,37,38,56,19,98,71,63,72,44,67,23,42
63,33,37,19,77,98,79,48,75
23,88,42,86,78,43,92,74,54,83,26,46,14,11,62,85,47,69,57,66,82
56,73,72,83,43,38,71,77,44,92,75,67,88
79,75,41,56,36,98,93,44,63,19,24,38,77,65,33,72,22,95,71,73,67,23,37
14,42,85,47,43
89,43,74,63,78,92,42,77,88,86,22,83,72,67,56,73,26,23,98
56,19,98,71,72,44,75,23,78,43,92,74,54,26,46
83,85,11,12,54,82,93,62,79,57,76,46,24,69,14,74,66,48,15
54,22,83,77,67,75,23,26,14,44,11,78,63,72,43,12,92,46,86,89,71
73,19,98,71,89,63,77,22,72,44,75,67,23,88,42,86,78,43,92,74,54,83,26
86,83,67,88,73,38,23
54,62,58,78,74,11,48,14,66,76,57,88,69,46,12,43,47,26,42,83,86,82,85
12,62,58,82,95,41,73
83,14,12,11,62,76,66,48,15,95,93,79,65
69,15,33,79,65,36,37,73,89
77,19,24,89,48,71,33,98,37,79,95,65,22,93,82,41,76
19,93,38,56,44,89,37,79,48,36,22,63,82,98,41,33,73,15,77
47,86,69,12,72,26,62,85,23,11,42,22,54,67,43,44,75,46,83
62,47,65,58,76,24,36,33,57,41,12,14,82
43,42,86,88,44,89,72,67,19,74,23,54,92,63,71,78,14,77,75,22,26
72,75,42,78,43,83,46,69,58
23,88,62,47,69,66,82
22,98,75,38,72,37,23,19,92
